timestamp,open,high,low,close,volume,oi
2025-10-08T15:25:00+05:30,41.19,41.3,39.5,39.9,12002,0
2025-10-08T15:20:00+05:30,41.64,41.64,41.13,41.13,3657,0
2025-10-08T15:15:00+05:30,41.47,41.6,41.4,41.41,2137,0
2025-10-08T15:10:00+05:30,41.45,41.5,41.45,41.5,58,0
2025-10-08T15:05:00+05:30,41.55,41.6,41.45,41.45,2878,0
2025-10-08T15:00:00+05:30,41.53,41.6,41.53,41.55,58,0
2025-10-08T14:55:00+05:30,41.79,41.79,41.53,41.53,618,0
2025-10-08T14:50:00+05:30,42.1,42.1,41.45,41.79,15906,0
2025-10-08T14:45:00+05:30,41.43,42.1,41.41,41.95,8534,0
2025-10-08T14:40:00+05:30,41.66,41.66,41.4,41.4,1000,0
2025-10-08T14:35:00+05:30,41.6,41.66,41.5,41.66,203,0
2025-10-08T14:30:00+05:30,41.68,41.68,41.58,41.6,74,0
2025-10-08T14:25:00+05:30,41.48,41.7,41.48,41.68,1585,0
2025-10-08T14:20:00+05:30,41.42,41.74,41.41,41.48,2259,0
2025-10-08T14:15:00+05:30,41.5,41.5,41.5,41.5,70,0
2025-10-08T14:10:00+05:30,41.55,41.55,41.49,41.5,2006,0
2025-10-08T14:05:00+05:30,41.61,41.61,41.55,41.55,16,0
2025-10-08T14:00:00+05:30,41.75,41.75,41.5,41.61,995,0
2025-10-08T13:55:00+05:30,41.6,41.65,41.6,41.65,181,0
2025-10-08T13:50:00+05:30,41.54,41.59,41.5,41.59,101,0
2025-10-08T13:45:00+05:30,41.84,41.84,41.6,41.65,146,0
2025-10-08T13:40:00+05:30,41.71,41.9,41.7,41.84,10263,0
2025-10-08T13:35:00+05:30,41.72,41.72,41.71,41.71,1000,0
2025-10-08T13:30:00+05:30,41.8,41.8,41.8,41.8,0,0
2025-10-08T13:25:00+05:30,41.8,41.8,41.8,41.8,0,0
2025-10-08T13:20:00+05:30,41.8,41.8,41.78,41.8,202,0
2025-10-08T13:15:00+05:30,41.8,41.8,41.8,41.8,0,0
2025-10-08T13:10:00+05:30,41.81,41.81,41.8,41.8,1908,0
2025-10-08T13:05:00+05:30,41.89,41.89,41.81,41.81,38,0
2025-10-08T13:00:00+05:30,41.8,41.8,41.8,41.8,0,0
2025-10-08T12:55:00+05:30,41.6,41.83,41.6,41.8,135,0
2025-10-08T12:50:00+05:30,41.66,41.66,41.66,41.66,8,0
2025-10-08T12:45:00+05:30,41.63,41.77,41.63,41.74,59,0
2025-10-08T12:40:00+05:30,41.51,41.63,41.4,41.63,2883,0
2025-10-08T12:35:00+05:30,41.98,41.98,41.44,41.51,2154,0
2025-10-08T12:30:00+05:30,41.84,41.98,41.84,41.98,1,0
2025-10-08T12:25:00+05:30,41.73,41.84,41.73,41.84,250,0
2025-10-08T12:20:00+05:30,41.7,41.73,41.7,41.73,6,0
2025-10-08T12:15:00+05:30,41.84,41.84,41.7,41.7,114,0
2025-10-08T12:10:00+05:30,42.14,42.15,41.68,41.84,1789,0
2025-10-08T12:05:00+05:30,41.89,42.25,41.88,42.15,4060,0
2025-10-08T12:00:00+05:30,41.75,41.89,41.4,41.88,10429,0
2025-10-08T11:55:00+05:30,41.89,41.89,41.75,41.75,3,0
2025-10-08T11:50:00+05:30,41.65,42.6,41.05,41.89,26672,0
2025-10-08T11:45:00+05:30,41.16,41.69,41.16,41.65,369,0
2025-10-08T11:40:00+05:30,41.15,41.15,41.15,41.15,0,0
2025-10-08T11:35:00+05:30,40.98,41.59,40.98,41.15,312,0
2025-10-08T11:30:00+05:30,41.49,41.49,40.83,41.0,234,0
2025-10-08T11:25:00+05:30,41.49,41.49,41.49,41.49,0,0
2025-10-08T11:20:00+05:30,41.49,41.49,41.34,41.49,52,0
2025-10-08T11:15:00+05:30,41.78,41.83,41.33,41.49,1114,0
2025-10-08T11:10:00+05:30,41.35,42.16,41.35,42.16,2081,0
2025-10-08T11:05:00+05:30,41.38,41.44,41.33,41.34,740,0
2025-10-08T11:00:00+05:30,42.25,42.25,41.33,41.38,2025,0
2025-10-08T10:55:00+05:30,41.94,42.5,40.71,42.29,26451,0
2025-10-08T10:50:00+05:30,41.91,42.19,41.81,41.81,4105,0
2025-10-08T10:45:00+05:30,40.67,42.24,40.67,42.19,19727,0
2025-10-08T10:40:00+05:30,40.8,40.88,40.66,40.69,944,0
2025-10-08T10:35:00+05:30,41.8,41.88,40.71,40.84,14427,0
2025-10-08T10:30:00+05:30,41.5,41.98,41.5,41.8,2605,0
2025-10-08T10:25:00+05:30,41.03,41.92,41.03,41.54,1465,0
2025-10-08T10:20:00+05:30,41.02,41.12,41.02,41.12,29,0
2025-10-08T10:15:00+05:30,41.05,41.29,41.02,41.02,2513,0
2025-10-08T10:10:00+05:30,41.29,41.4,41.15,41.15,469,0
2025-10-08T10:05:00+05:30,41.69,41.83,41.35,41.35,847,0
2025-10-08T10:00:00+05:30,41.28,42.08,41.27,41.69,5444,0
2025-10-08T09:55:00+05:30,41.07,41.44,41.07,41.27,233,0
2025-10-08T09:50:00+05:30,41.05,41.82,40.96,41.21,4083,0
2025-10-08T09:45:00+05:30,41.31,41.68,41.03,41.05,2013,0
2025-10-08T09:40:00+05:30,41.09,41.69,40.85,40.99,5205,0
2025-10-08T09:35:00+05:30,41.47,41.63,40.7,40.99,2488,0
2025-10-08T09:30:00+05:30,41.4,42.6,41.36,41.46,14517,0
2025-10-08T09:25:00+05:30,40.65,41.65,40.41,41.45,13774,0
2025-10-08T09:20:00+05:30,42.7,43.01,40.65,40.65,27001,0
2025-10-08T09:15:00+05:30,40.94,43.4,40.19,42.69,29464,0
2025-10-07T15:25:00+05:30,40.01,40.07,39.56,40.06,3239,0
2025-10-07T15:20:00+05:30,39.51,40.35,39.51,40.01,2071,0
2025-10-07T15:15:00+05:30,39.5,39.5,39.4,39.4,1236,0
2025-10-07T15:10:00+05:30,39.43,39.57,39.4,39.57,200,0
2025-10-07T15:05:00+05:30,39.42,39.67,39.4,39.52,1421,0
2025-10-07T15:00:00+05:30,40.28,40.28,39.41,39.42,2123,0
2025-10-07T14:55:00+05:30,40.0,40.35,40.0,40.0,3582,0
2025-10-07T14:50:00+05:30,40.48,40.49,39.92,40.0,2935,0
2025-10-07T14:45:00+05:30,39.42,40.48,39.4,40.48,6591,0
2025-10-07T14:40:00+05:30,40.47,40.49,39.41,39.41,3945,0
2025-10-07T14:35:00+05:30,40.26,40.49,40.0,40.49,907,0
2025-10-07T14:30:00+05:30,40.52,40.52,40.0,40.36,1203,0
2025-10-07T14:25:00+05:30,40.52,40.52,40.51,40.52,13,0
2025-10-07T14:20:00+05:30,40.56,40.56,40.51,40.52,356,0
2025-10-07T14:15:00+05:30,40.64,40.65,40.5,40.55,1885,0
2025-10-07T14:10:00+05:30,40.62,40.69,40.61,40.64,129,0
2025-10-07T14:05:00+05:30,40.6,40.69,40.6,40.62,231,0
2025-10-07T14:00:00+05:30,40.64,40.7,40.58,40.59,2278,0
2025-10-07T13:55:00+05:30,40.64,40.64,40.64,40.64,28,0
2025-10-07T13:50:00+05:30,40.67,40.67,40.64,40.64,31,0
2025-10-07T13:45:00+05:30,40.64,40.7,40.49,40.67,252,0
2025-10-07T13:40:00+05:30,40.72,40.75,40.3,40.3,672,0
2025-10-07T13:35:00+05:30,40.74,40.74,40.49,40.7,5750,0
2025-10-07T13:30:00+05:30,40.65,40.71,40.5,40.7,285,0
2025-10-07T13:25:00+05:30,40.82,40.82,40.3,40.66,811,0
2025-10-07T13:20:00+05:30,40.61,40.84,40.5,40.83,1356,0
2025-10-07T13:15:00+05:30,40.25,40.61,40.2,40.59,6739,0
2025-10-07T13:10:00+05:30,40.36,40.36,40.24,40.24,142,0
2025-10-07T13:05:00+05:30,40.4,40.4,40.24,40.35,1141,0
2025-10-07T13:00:00+05:30,40.56,40.59,39.68,40.45,5004,0
2025-10-07T12:55:00+05:30,39.95,40.6,39.92,40.56,12891,0
2025-10-07T12:50:00+05:30,39.57,39.98,39.49,39.92,7025,0
2025-10-07T12:45:00+05:30,41.65,41.7,37.55,39.5,49636,0
2025-10-07T12:40:00+05:30,41.77,42.6,41.5,41.6,3937,0
2025-10-07T12:35:00+05:30,41.72,41.86,41.6,41.73,7376,0
2025-10-07T12:30:00+05:30,42.76,42.76,41.57,41.7,7893,0
2025-10-07T12:25:00+05:30,42.45,42.77,42.1,42.77,5733,0
2025-10-07T12:20:00+05:30,41.58,42.57,41.55,42.45,10038,0
2025-10-07T12:15:00+05:30,41.61,41.72,41.4,41.58,6162,0
2025-10-07T12:10:00+05:30,42.59,42.6,41.99,41.99,6035,0
2025-10-07T12:05:00+05:30,41.52,42.7,41.22,42.58,8251,0
2025-10-07T12:00:00+05:30,41.22,41.64,41.16,41.53,9162,0
2025-10-07T11:55:00+05:30,42.87,42.87,41.15,41.6,13838,0
2025-10-07T11:50:00+05:30,42.66,42.94,42.51,42.51,3847,0
2025-10-07T11:45:00+05:30,42.48,42.9,41.99,42.64,6659,0
2025-10-07T11:40:00+05:30,42.8,42.9,41.0,42.4,15213,0
2025-10-07T11:35:00+05:30,40.88,42.94,40.88,42.56,37580,0
2025-10-07T11:30:00+05:30,40.55,42.12,40.55,40.88,11330,0
2025-10-07T11:25:00+05:30,40.46,40.46,40.46,40.46,1,0
2025-10-07T11:20:00+05:30,41.77,41.77,40.4,40.42,8349,0
2025-10-07T11:15:00+05:30,42.3,42.3,41.56,41.57,7583,0
2025-10-07T11:10:00+05:30,42.42,42.42,42.32,42.32,2098,0
2025-10-07T11:05:00+05:30,42.42,42.42,42.42,42.42,0,0
2025-10-07T11:00:00+05:30,42.42,42.42,42.42,42.42,0,0
2025-10-07T10:55:00+05:30,42.41,42.57,42.41,42.42,489,0
2025-10-07T10:50:00+05:30,42.64,42.81,42.4,42.4,980,0
2025-10-07T10:45:00+05:30,42.99,42.99,42.64,42.64,370,0
2025-10-07T10:40:00+05:30,43.0,43.0,42.99,42.99,70,0
2025-10-07T10:35:00+05:30,43.25,43.26,43.0,43.0,4527,0
2025-10-07T10:30:00+05:30,43.39,43.4,43.35,43.4,527,0
2025-10-07T10:25:00+05:30,43.24,43.45,43.24,43.45,1,0
2025-10-07T10:20:00+05:30,43.3,43.45,43.01,43.24,4394,0
2025-10-07T10:15:00+05:30,43.43,43.43,43.42,43.42,1562,0
2025-10-07T10:10:00+05:30,43.46,43.7,43.43,43.43,2505,0
2025-10-07T10:05:00+05:30,43.6,43.64,43.42,43.42,2045,0
2025-10-07T10:00:00+05:30,42.55,43.62,42.55,43.6,3338,0
2025-10-07T09:55:00+05:30,42.5,42.56,42.5,42.55,500,0
2025-10-07T09:50:00+05:30,42.33,42.87,42.33,42.5,940,0
2025-10-07T09:45:00+05:30,42.81,42.81,42.18,42.59,1984,0
2025-10-07T09:40:00+05:30,42.85,42.85,42.56,42.81,620,0
2025-10-07T09:35:00+05:30,43.52,43.52,42.87,42.87,1254,0
2025-10-07T09:30:00+05:30,43.74,43.83,43.52,43.52,2668,0
2025-10-07T09:25:00+05:30,43.8,43.96,43.74,43.74,16697,0
2025-10-07T09:20:00+05:30,42.0,44.12,41.96,43.96,16567,0
2025-10-07T09:15:00+05:30,41.43,42.12,41.43,42.12,6023,0
2025-10-06T15:25:00+05:30,42.2,42.4,41.5,41.68,3817,0
2025-10-06T15:20:00+05:30,42.78,42.78,42.2,42.2,2060,0
2025-10-06T15:15:00+05:30,42.4,42.8,42.4,42.8,450,0
2025-10-06T15:10:00+05:30,42.4,42.84,42.4,42.4,4120,0
2025-10-06T15:05:00+05:30,42.46,42.46,42.4,42.4,255,0
2025-10-06T15:00:00+05:30,42.46,42.46,42.46,42.46,0,0
2025-10-06T14:55:00+05:30,42.4,42.46,42.4,42.46,177,0
2025-10-06T14:50:00+05:30,42.4,42.4,42.4,42.4,38,0
2025-10-06T14:45:00+05:30,42.2,42.4,42.2,42.4,31,0
2025-10-06T14:40:00+05:30,42.39,42.39,42.2,42.2,1890,0
2025-10-06T14:35:00+05:30,42.1,42.39,42.1,42.39,2257,0
2025-10-06T14:30:00+05:30,42.11,42.11,42.1,42.1,800,0
2025-10-06T14:25:00+05:30,42.36,42.36,42.36,42.36,25,0
2025-10-06T14:20:00+05:30,42.28,42.36,42.2,42.36,5113,0
2025-10-06T14:15:00+05:30,42.21,42.28,42.21,42.28,1679,0
2025-10-06T14:10:00+05:30,42.14,42.14,42.0,42.0,1094,0
2025-10-06T14:05:00+05:30,42.3,42.3,42.14,42.14,125,0
2025-10-06T14:00:00+05:30,42.35,42.35,42.3,42.3,100,0
2025-10-06T13:55:00+05:30,42.36,42.36,42.35,42.35,1038,0
2025-10-06T13:50:00+05:30,42.3,42.36,42.3,42.36,2750,0
2025-10-06T13:45:00+05:30,42.5,42.5,42.3,42.3,160,0
2025-10-06T13:40:00+05:30,42.5,42.5,42.5,42.5,0,0
2025-10-06T13:35:00+05:30,42.5,42.5,42.5,42.5,0,0
2025-10-06T13:30:00+05:30,42.5,42.69,42.5,42.5,127,0
2025-10-06T13:25:00+05:30,42.5,42.5,42.5,42.5,0,0
2025-10-06T13:20:00+05:30,42.51,42.51,42.5,42.5,50,0
2025-10-06T13:15:00+05:30,42.6,42.7,42.51,42.51,120,0
2025-10-06T13:10:00+05:30,42.59,42.6,42.58,42.6,458,0
2025-10-06T13:05:00+05:30,42.42,42.42,42.42,42.42,5,0
2025-10-06T13:00:00+05:30,42.6,42.6,42.6,42.6,0,0
2025-10-06T12:55:00+05:30,42.6,42.6,42.6,42.6,0,0
2025-10-06T12:50:00+05:30,42.6,42.6,42.6,42.6,0,0
2025-10-06T12:45:00+05:30,42.6,42.6,42.52,42.6,717,0
2025-10-06T12:40:00+05:30,42.52,42.6,42.52,42.6,350,0
2025-10-06T12:35:00+05:30,42.5,42.52,42.5,42.52,440,0
2025-10-06T12:30:00+05:30,42.4,42.5,42.4,42.5,201,0
2025-10-06T12:25:00+05:30,42.49,42.5,42.4,42.4,501,0
2025-10-06T12:20:00+05:30,42.5,42.5,42.49,42.49,2851,0
2025-10-06T12:15:00+05:30,42.4,42.5,42.4,42.5,90,0
2025-10-06T12:10:00+05:30,42.4,42.4,42.4,42.4,19,0
2025-10-06T12:05:00+05:30,42.5,42.5,42.5,42.5,48,0
2025-10-06T12:00:00+05:30,42.55,42.55,42.5,42.5,301,0
2025-10-06T11:55:00+05:30,42.4,42.55,42.4,42.55,1200,0
2025-10-06T11:50:00+05:30,42.6,42.6,42.54,42.56,116,0
2025-10-06T11:45:00+05:30,42.6,42.61,42.59,42.6,1366,0
2025-10-06T11:40:00+05:30,42.74,42.74,42.6,42.6,500,0
2025-10-06T11:35:00+05:30,42.74,42.74,42.74,42.74,0,0
2025-10-06T11:30:00+05:30,42.61,42.74,42.61,42.74,2008,0
2025-10-06T11:25:00+05:30,42.17,42.6,42.17,42.6,1109,0
2025-10-06T11:20:00+05:30,42.16,42.17,42.16,42.17,1,0
2025-10-06T11:15:00+05:30,42.41,42.41,42.16,42.16,888,0
2025-10-06T11:10:00+05:30,42.41,42.41,42.41,42.41,0,0
2025-10-06T11:05:00+05:30,42.39,42.41,42.39,42.41,294,0
2025-10-06T11:00:00+05:30,42.0,42.39,42.0,42.39,540,0
2025-10-06T10:55:00+05:30,42.31,42.35,42.0,42.0,2316,0
2025-10-06T10:50:00+05:30,42.13,42.13,42.12,42.12,150,0
2025-10-06T10:45:00+05:30,42.12,42.31,42.12,42.31,160,0
2025-10-06T10:40:00+05:30,42.15,42.56,42.12,42.12,3050,0
2025-10-06T10:35:00+05:30,42.13,42.13,42.12,42.12,259,0
2025-10-06T10:30:00+05:30,42.2,42.2,42.13,42.13,2000,0
2025-10-06T10:25:00+05:30,42.63,42.92,42.2,42.2,2528,0
2025-10-06T10:20:00+05:30,42.95,43.24,42.64,42.64,6714,0
2025-10-06T10:15:00+05:30,42.35,42.92,42.15,42.92,5071,0
2025-10-06T10:10:00+05:30,42.15,42.39,42.15,42.35,1221,0
2025-10-06T10:05:00+05:30,42.21,42.21,42.15,42.15,700,0
2025-10-06T10:00:00+05:30,42.39,42.39,42.38,42.38,160,0
2025-10-06T09:55:00+05:30,42.39,42.39,42.39,42.39,564,0
2025-10-06T09:50:00+05:30,42.4,42.4,42.2,42.2,814,0
2025-10-06T09:45:00+05:30,42.4,42.45,42.36,42.4,596,0
2025-10-06T09:40:00+05:30,42.47,42.5,42.4,42.4,942,0
2025-10-06T09:35:00+05:30,42.15,42.36,42.15,42.36,508,0
2025-10-06T09:30:00+05:30,42.44,42.45,42.13,42.14,2525,0
2025-10-06T09:25:00+05:30,42.6,42.6,42.12,42.12,4245,0
2025-10-06T09:20:00+05:30,42.41,42.65,42.08,42.6,4351,0
2025-10-06T09:15:00+05:30,42.05,42.7,42.05,42.41,1949,0
2025-10-03T15:25:00+05:30,42.93,42.97,42.05,42.16,14479,0
2025-10-03T15:20:00+05:30,42.97,43.29,42.93,42.97,6167,0
2025-10-03T15:15:00+05:30,43.2,43.22,42.94,42.97,1309,0
2025-10-03T15:10:00+05:30,42.92,43.2,42.92,43.2,422,0
2025-10-03T15:05:00+05:30,43.11,43.2,42.92,42.92,916,0
2025-10-03T15:00:00+05:30,42.89,43.2,42.84,43.11,832,0
2025-10-03T14:55:00+05:30,42.83,43.24,42.83,43.16,282,0
2025-10-03T14:50:00+05:30,42.81,43.02,42.81,42.83,250,0
2025-10-03T14:45:00+05:30,43.06,43.06,42.81,42.81,303,0
2025-10-03T14:40:00+05:30,43.07,43.12,43.06,43.06,551,0
2025-10-03T14:35:00+05:30,43.07,43.07,43.07,43.07,0,0
2025-10-03T14:30:00+05:30,43.24,43.47,42.8,43.07,1277,0
2025-10-03T14:25:00+05:30,42.8,43.36,42.8,43.24,1045,0
2025-10-03T14:20:00+05:30,42.88,42.88,42.8,42.8,35,0
2025-10-03T14:15:00+05:30,43.01,43.01,42.88,42.88,1410,0
2025-10-03T14:10:00+05:30,43.13,43.13,43.0,43.01,7490,0
2025-10-03T14:05:00+05:30,43.44,43.45,43.14,43.14,4839,0
2025-10-03T14:00:00+05:30,43.19,43.44,43.19,43.44,161,0
2025-10-03T13:55:00+05:30,43.19,43.21,43.19,43.19,12,0
2025-10-03T13:50:00+05:30,43.44,43.44,43.19,43.19,1,0
2025-10-03T13:45:00+05:30,43.45,43.45,43.44,43.44,10,0
2025-10-03T13:40:00+05:30,43.37,43.45,43.12,43.45,1310,0
2025-10-03T13:35:00+05:30,43.16,43.16,43.16,43.16,0,0
2025-10-03T13:30:00+05:30,43.16,43.16,43.16,43.16,12,0
2025-10-03T13:25:00+05:30,43.33,43.7,43.16,43.16,2514,0
2025-10-03T13:20:00+05:30,43.28,43.35,43.16,43.28,5225,0
2025-10-03T13:15:00+05:30,43.29,43.3,43.28,43.28,230,0
2025-10-03T13:10:00+05:30,43.08,43.75,43.08,43.29,5263,0
2025-10-03T13:05:00+05:30,42.79,43.9,42.66,43.89,12846,0
2025-10-03T13:00:00+05:30,42.9,43.5,42.52,42.57,12100,0
2025-10-03T12:55:00+05:30,43.42,43.45,42.85,42.85,8405,0
2025-10-03T12:50:00+05:30,43.11,43.46,43.11,43.42,2030,0
2025-10-03T12:45:00+05:30,43.1,43.46,43.1,43.46,2004,0
2025-10-03T12:40:00+05:30,43.34,43.34,43.1,43.1,9,0
2025-10-03T12:35:00+05:30,43.06,43.34,43.04,43.34,1464,0
2025-10-03T12:30:00+05:30,43.21,43.21,43.1,43.1,13,0
2025-10-03T12:25:00+05:30,43.02,43.21,43.02,43.21,282,0
2025-10-03T12:20:00+05:30,43.81,43.81,43.0,43.05,6889,0
2025-10-03T12:15:00+05:30,43.12,43.88,43.05,43.84,4565,0
2025-10-03T12:10:00+05:30,43.91,43.96,43.06,43.06,2118,0
2025-10-03T12:05:00+05:30,43.92,43.94,43.8,43.88,325,0
2025-10-03T12:00:00+05:30,43.93,43.93,43.92,43.92,29,0
2025-10-03T11:55:00+05:30,43.69,43.9,43.69,43.9,2716,0
2025-10-03T11:50:00+05:30,43.88,43.89,43.69,43.69,488,0
2025-10-03T11:45:00+05:30,43.8,43.88,43.8,43.88,212,0
2025-10-03T11:40:00+05:30,43.87,43.87,43.8,43.8,1542,0
2025-10-03T11:35:00+05:30,43.87,43.87,43.87,43.87,0,0
2025-10-03T11:30:00+05:30,43.84,43.87,43.84,43.87,9,0
2025-10-03T11:25:00+05:30,43.88,43.88,43.81,43.84,75,0
2025-10-03T11:20:00+05:30,43.88,43.89,43.88,43.88,33,0
2025-10-03T11:15:00+05:30,43.88,43.9,43.87,43.88,976,0
2025-10-03T11:10:00+05:30,43.89,43.89,43.79,43.88,820,0
2025-10-03T11:05:00+05:30,43.88,43.91,43.88,43.89,728,0
2025-10-03T11:00:00+05:30,43.8,43.91,43.8,43.87,2353,0
2025-10-03T10:55:00+05:30,43.86,43.88,43.8,43.8,1081,0
2025-10-03T10:50:00+05:30,43.85,43.86,43.85,43.86,5,0
2025-10-03T10:45:00+05:30,43.87,43.87,43.78,43.87,380,0
2025-10-03T10:40:00+05:30,43.9,43.91,43.79,43.87,1632,0
2025-10-03T10:35:00+05:30,43.89,43.95,43.8,43.91,292,0
2025-10-03T10:30:00+05:30,43.91,43.91,43.6,43.88,1003,0
2025-10-03T10:25:00+05:30,43.98,43.98,43.81,43.91,422,0
2025-10-03T10:20:00+05:30,43.66,44.0,43.65,43.98,1698,0
2025-10-03T10:15:00+05:30,44.21,44.21,43.4,43.71,5481,0
2025-10-03T10:10:00+05:30,44.39,44.43,43.8,44.2,17537,0
2025-10-03T10:05:00+05:30,44.33,44.45,43.9,44.39,8946,0
2025-10-03T10:00:00+05:30,43.3,44.33,43.3,44.33,8273,0
2025-10-03T09:55:00+05:30,43.3,43.3,43.02,43.11,3662,0
2025-10-03T09:50:00+05:30,44.13,44.24,43.05,43.29,14883,0
2025-10-03T09:45:00+05:30,44.0,44.14,43.45,44.13,7817,0
2025-10-03T09:40:00+05:30,44.62,44.62,44.0,44.0,12076,0
2025-10-03T09:35:00+05:30,43.9,44.66,43.9,44.65,17316,0
2025-10-03T09:30:00+05:30,42.47,43.9,42.47,43.9,4566,0
2025-10-03T09:25:00+05:30,42.47,42.55,42.47,42.47,852,0
2025-10-03T09:20:00+05:30,42.4,42.55,42.4,42.47,950,0
2025-10-03T09:15:00+05:30,42.54,42.54,42.01,42.4,3279,0
2025-10-01T15:25:00+05:30,42.06,42.08,42.0,42.0,17581,0
2025-10-01T15:20:00+05:30,42.09,42.49,41.75,42.0,15566,0
2025-10-01T15:15:00+05:30,42.25,42.34,42.05,42.08,5495,0
2025-10-01T15:10:00+05:30,42.43,42.9,42.25,42.25,13290,0
2025-10-01T15:05:00+05:30,42.38,42.54,42.3,42.54,2376,0
2025-10-01T15:00:00+05:30,42.25,42.39,42.25,42.38,981,0
2025-10-01T14:55:00+05:30,42.4,42.4,42.25,42.25,7563,0
2025-10-01T14:50:00+05:30,42.44,42.44,42.4,42.4,218,0
2025-10-01T14:45:00+05:30,42.95,42.95,42.42,42.43,4374,0
2025-10-01T14:40:00+05:30,42.68,42.98,42.68,42.95,5290,0
2025-10-01T14:35:00+05:30,42.61,42.7,42.38,42.38,748,0
2025-10-01T14:30:00+05:30,42.51,42.64,42.3,42.61,2264,0
2025-10-01T14:25:00+05:30,42.48,42.65,42.48,42.65,3065,0
2025-10-01T14:20:00+05:30,42.4,42.48,42.3,42.44,4421,0
2025-10-01T14:15:00+05:30,42.54,42.54,42.4,42.4,109,0
2025-10-01T14:10:00+05:30,42.47,42.61,42.13,42.54,1919,0
2025-10-01T14:05:00+05:30,42.52,42.7,42.5,42.5,1132,0
2025-10-01T14:00:00+05:30,42.41,42.58,42.29,42.52,5894,0
2025-10-01T13:55:00+05:30,42.48,42.48,42.48,42.48,0,0
2025-10-01T13:50:00+05:30,42.48,42.48,42.48,42.48,0,0
2025-10-01T13:45:00+05:30,42.48,42.49,42.48,42.48,820,0
2025-10-01T13:40:00+05:30,42.31,42.49,42.31,42.49,600,0
2025-10-01T13:35:00+05:30,42.5,42.5,42.31,42.31,8,0
2025-10-01T13:30:00+05:30,42.31,42.5,42.27,42.5,412,0
2025-10-01T13:25:00+05:30,42.41,42.51,42.31,42.31,1831,0
2025-10-01T13:20:00+05:30,42.65,42.65,42.24,42.24,688,0
2025-10-01T13:15:00+05:30,42.65,42.65,42.65,42.65,0,0
2025-10-01T13:10:00+05:30,42.65,42.65,42.45,42.65,1259,0
2025-10-01T13:05:00+05:30,42.41,42.65,42.39,42.65,1775,0
2025-10-01T13:00:00+05:30,42.55,42.6,42.4,42.41,1380,0
2025-10-01T12:55:00+05:30,42.4,42.63,42.3,42.5,3696,0
2025-10-01T12:50:00+05:30,42.39,42.4,42.17,42.17,1300,0
2025-10-01T12:45:00+05:30,42.21,42.48,42.15,42.15,776,0
2025-10-01T12:40:00+05:30,42.55,42.55,42.34,42.5,3574,0
2025-10-01T12:35:00+05:30,42.4,42.58,42.4,42.55,190,0
2025-10-01T12:30:00+05:30,42.48,42.55,42.48,42.55,2793,0
2025-10-01T12:25:00+05:30,42.48,42.48,42.48,42.48,75,0
2025-10-01T12:20:00+05:30,42.06,42.06,42.06,42.06,0,0
2025-10-01T12:15:00+05:30,42.06,42.06,42.06,42.06,0,0
2025-10-01T12:10:00+05:30,42.6,42.6,42.06,42.06,2979,0
2025-10-01T12:05:00+05:30,42.67,42.67,42.67,42.67,0,0
2025-10-01T12:00:00+05:30,42.52,42.67,42.52,42.67,325,0
2025-10-01T11:55:00+05:30,42.54,42.69,42.54,42.55,5035,0
2025-10-01T11:50:00+05:30,42.13,42.55,42.13,42.55,2606,0
2025-10-01T11:45:00+05:30,42.55,42.55,42.13,42.13,1200,0
2025-10-01T11:40:00+05:30,42.5,42.55,42.22,42.55,3771,0
2025-10-01T11:35:00+05:30,42.35,42.7,42.26,42.5,4737,0
2025-10-01T11:30:00+05:30,42.55,42.55,41.6,42.01,7026,0
2025-10-01T11:25:00+05:30,42.71,42.85,42.26,42.55,4406,0
2025-10-01T11:20:00+05:30,42.6,42.88,42.55,42.88,3088,0
2025-10-01T11:15:00+05:30,42.59,42.75,42.58,42.6,1954,0
2025-10-01T11:10:00+05:30,42.5,42.74,42.5,42.74,24,0
2025-10-01T11:05:00+05:30,42.47,42.75,42.3,42.74,3691,0
2025-10-01T11:00:00+05:30,42.51,42.75,42.47,42.47,1614,0
2025-10-01T10:55:00+05:30,42.42,42.72,42.3,42.51,3097,0
2025-10-01T10:50:00+05:30,42.66,42.86,42.16,42.42,4275,0
2025-10-01T10:45:00+05:30,42.75,42.88,42.65,42.65,971,0
2025-10-01T10:40:00+05:30,42.79,42.91,42.61,42.87,2926,0
2025-10-01T10:35:00+05:30,42.89,42.99,42.61,42.79,3014,0
2025-10-01T10:30:00+05:30,42.9,42.9,42.65,42.9,2846,0
2025-10-01T10:25:00+05:30,42.58,42.9,42.58,42.9,7268,0
2025-10-01T10:20:00+05:30,42.3,42.8,42.0,42.58,10622,0
2025-10-01T10:15:00+05:30,42.87,43.0,41.61,42.42,29886,0
2025-10-01T10:10:00+05:30,44.06,44.35,42.86,43.0,62704,0
2025-10-01T10:05:00+05:30,42.96,44.25,42.91,44.2,71257,0
2025-10-01T10:00:00+05:30,42.72,43.55,42.25,42.97,52408,0
2025-10-01T09:55:00+05:30,41.65,43.05,41.5,42.4,59788,0
2025-10-01T09:50:00+05:30,41.09,41.65,40.7,41.65,24781,0
2025-10-01T09:45:00+05:30,41.05,41.3,40.72,41.3,6070,0
2025-10-01T09:40:00+05:30,40.95,41.15,40.48,41.05,24682,0
2025-10-01T09:35:00+05:30,40.64,40.95,40.54,40.8,42898,0
2025-10-01T09:30:00+05:30,40.22,40.65,40.0,40.6,24842,0
2025-10-01T09:25:00+05:30,40.04,40.25,40.0,40.22,6858,0
2025-10-01T09:20:00+05:30,38.65,40.05,38.5,40.05,35199,0
2025-10-01T09:15:00+05:30,38.65,39.26,38.39,38.83,7366,0
