timestamp,open,high,low,close,volume,oi
2025-10-08T15:25:00+05:30,930.0,933.0,929.0,932.0,139640,0
2025-10-08T15:20:00+05:30,923.0,932.0,921.0,929.0,462940,0
2025-10-08T15:15:00+05:30,921.0,924.0,921.0,923.0,451300,0
2025-10-08T15:10:00+05:30,922.0,924.0,921.0,921.0,168520,0
2025-10-08T15:05:00+05:30,921.0,925.0,920.0,922.0,128390,0
2025-10-08T15:00:00+05:30,923.0,924.0,919.0,921.0,132870,0
2025-10-08T14:55:00+05:30,921.0,924.0,920.0,923.0,111300,0
2025-10-08T14:50:00+05:30,919.0,925.0,918.0,921.0,250070,0
2025-10-08T14:45:00+05:30,919.0,920.0,915.0,920.0,294770,0
2025-10-08T14:40:00+05:30,925.0,925.0,915.0,919.0,275490,0
2025-10-08T14:35:00+05:30,927.0,927.0,921.0,925.0,179110,0
2025-10-08T14:30:00+05:30,926.0,928.0,926.0,927.0,72510,0
2025-10-08T14:25:00+05:30,925.0,928.0,923.0,926.0,104920,0
2025-10-08T14:20:00+05:30,927.0,927.0,923.0,924.0,200160,0
2025-10-08T14:15:00+05:30,926.0,929.0,926.0,928.0,77530,0
2025-10-08T14:10:00+05:30,928.0,928.0,926.0,926.0,88280,0
2025-10-08T14:05:00+05:30,929.0,929.0,928.0,928.0,48870,0
2025-10-08T14:00:00+05:30,931.0,932.0,928.0,929.0,56320,0
2025-10-08T13:55:00+05:30,931.0,932.0,931.0,932.0,23620,0
2025-10-08T13:50:00+05:30,931.0,932.0,930.0,931.0,42620,0
2025-10-08T13:45:00+05:30,931.0,932.0,930.0,931.0,28210,0
2025-10-08T13:40:00+05:30,930.0,932.0,930.0,931.0,67480,0
2025-10-08T13:35:00+05:30,929.0,931.0,929.0,930.0,42070,0
2025-10-08T13:30:00+05:30,929.0,930.0,926.0,929.0,81150,0
2025-10-08T13:25:00+05:30,928.0,930.0,928.0,929.0,44430,0
2025-10-08T13:20:00+05:30,930.0,932.0,927.0,928.0,108690,0
2025-10-08T13:15:00+05:30,930.0,932.0,930.0,930.0,17820,0
2025-10-08T13:10:00+05:30,934.0,934.0,929.0,930.0,106250,0
2025-10-08T13:05:00+05:30,933.0,935.0,932.0,934.0,120730,0
2025-10-08T13:00:00+05:30,931.0,933.0,928.0,933.0,113800,0
2025-10-08T12:55:00+05:30,929.0,932.0,928.0,932.0,81810,0
2025-10-08T12:50:00+05:30,928.0,930.0,927.0,929.0,82940,0
2025-10-08T12:45:00+05:30,930.0,930.0,927.0,928.0,53100,0
2025-10-08T12:40:00+05:30,927.0,932.0,926.0,930.0,143060,0
2025-10-08T12:35:00+05:30,926.0,928.0,924.0,927.0,131410,0
2025-10-08T12:30:00+05:30,928.0,928.0,926.0,926.0,72110,0
2025-10-08T12:25:00+05:30,926.0,929.0,926.0,928.0,63720,0
2025-10-08T12:20:00+05:30,928.0,929.0,924.0,927.0,165850,0
2025-10-08T12:15:00+05:30,928.0,929.0,926.0,927.0,120070,0
2025-10-08T12:10:00+05:30,932.0,932.0,925.0,928.0,238990,0
2025-10-08T12:05:00+05:30,931.0,933.0,930.0,932.0,58310,0
2025-10-08T12:00:00+05:30,933.0,934.0,928.0,931.0,132740,0
2025-10-08T11:55:00+05:30,934.0,934.0,933.0,933.0,29370,0
2025-10-08T11:50:00+05:30,934.0,935.0,934.0,934.0,31430,0
2025-10-08T11:45:00+05:30,933.0,938.0,933.0,934.0,164300,0
2025-10-08T11:40:00+05:30,932.0,934.0,930.0,933.0,66290,0
2025-10-08T11:35:00+05:30,933.0,933.0,932.0,932.0,21070,0
2025-10-08T11:30:00+05:30,934.0,934.0,932.0,932.0,22050,0
2025-10-08T11:25:00+05:30,932.0,934.0,932.0,934.0,44570,0
2025-10-08T11:20:00+05:30,932.0,934.0,931.0,932.0,69260,0
2025-10-08T11:15:00+05:30,933.0,935.0,932.0,932.0,51740,0
2025-10-08T11:10:00+05:30,934.0,935.0,933.0,933.0,43460,0
2025-10-08T11:05:00+05:30,932.0,936.0,931.0,934.0,88010,0
2025-10-08T11:00:00+05:30,934.0,936.0,932.0,932.0,85460,0
2025-10-08T10:55:00+05:30,934.0,935.0,932.0,934.0,91630,0
2025-10-08T10:50:00+05:30,934.0,939.0,934.0,934.0,188510,0
2025-10-08T10:45:00+05:30,932.0,935.0,930.0,934.0,85260,0
2025-10-08T10:40:00+05:30,931.0,934.0,930.0,932.0,66330,0
2025-10-08T10:35:00+05:30,932.0,934.0,929.0,931.0,109020,0
2025-10-08T10:30:00+05:30,933.0,934.0,931.0,931.0,48800,0
2025-10-08T10:25:00+05:30,930.0,934.0,930.0,933.0,115460,0
2025-10-08T10:20:00+05:30,931.0,933.0,928.0,930.0,208150,0
2025-10-08T10:15:00+05:30,936.0,939.0,931.0,931.0,334580,0
2025-10-08T10:10:00+05:30,930.0,938.0,930.0,937.0,471550,0
2025-10-08T10:05:00+05:30,925.0,931.0,922.0,930.0,313270,0
2025-10-08T10:00:00+05:30,926.0,931.0,924.0,925.0,299000,0
2025-10-08T09:55:00+05:30,933.0,935.0,922.0,925.0,680110,0
2025-10-08T09:50:00+05:30,938.0,938.0,931.0,933.0,311140,0
2025-10-08T09:45:00+05:30,939.0,941.0,932.0,938.0,414220,0
2025-10-08T09:40:00+05:30,938.0,942.0,928.0,939.0,860390,0
2025-10-08T09:35:00+05:30,944.0,957.0,935.0,938.0,1231500,0
2025-10-08T09:30:00+05:30,957.0,964.0,942.0,944.0,1295380,0
2025-10-08T09:25:00+05:30,951.0,963.0,949.0,957.0,1482180,0
2025-10-08T09:20:00+05:30,937.0,957.0,936.0,952.0,1573690,0
2025-10-08T09:15:00+05:30,929.0,944.0,914.0,938.0,1764530,0
2025-10-07T15:25:00+05:30,917.0,923.0,916.0,921.0,263170,0
2025-10-07T15:20:00+05:30,915.0,922.0,912.0,917.0,774460,0
2025-10-07T15:15:00+05:30,920.0,923.0,914.0,915.0,721840,0
2025-10-07T15:10:00+05:30,926.0,928.0,920.0,920.0,501690,0
2025-10-07T15:05:00+05:30,929.0,930.0,926.0,927.0,324970,0
2025-10-07T15:00:00+05:30,930.0,932.0,928.0,929.0,176040,0
2025-10-07T14:55:00+05:30,931.0,932.0,928.0,929.0,150840,0
2025-10-07T14:50:00+05:30,932.0,932.0,928.0,931.0,162930,0
2025-10-07T14:45:00+05:30,932.0,933.0,930.0,931.0,121970,0
2025-10-07T14:40:00+05:30,930.0,932.0,928.0,931.0,283110,0
2025-10-07T14:35:00+05:30,932.0,934.0,930.0,930.0,134010,0
2025-10-07T14:30:00+05:30,932.0,934.0,932.0,932.0,111790,0
2025-10-07T14:25:00+05:30,937.0,937.0,931.0,933.0,169860,0
2025-10-07T14:20:00+05:30,937.0,937.0,936.0,936.0,41590,0
2025-10-07T14:15:00+05:30,937.0,939.0,936.0,937.0,108780,0
2025-10-07T14:10:00+05:30,937.0,938.0,935.0,936.0,76370,0
2025-10-07T14:05:00+05:30,941.0,943.0,933.0,937.0,272490,0
2025-10-07T14:00:00+05:30,943.0,944.0,940.0,940.0,137070,0
2025-10-07T13:55:00+05:30,941.0,945.0,939.0,943.0,200150,0
2025-10-07T13:50:00+05:30,940.0,942.0,939.0,940.0,110470,0
2025-10-07T13:45:00+05:30,939.0,944.0,938.0,940.0,269320,0
2025-10-07T13:40:00+05:30,934.0,940.0,934.0,939.0,138970,0
2025-10-07T13:35:00+05:30,940.0,941.0,934.0,934.0,358660,0
2025-10-07T13:30:00+05:30,936.0,947.0,935.0,941.0,581110,0
2025-10-07T13:25:00+05:30,933.0,936.0,932.0,936.0,70790,0
2025-10-07T13:20:00+05:30,934.0,935.0,932.0,933.0,91750,0
2025-10-07T13:15:00+05:30,930.0,937.0,930.0,934.0,273930,0
2025-10-07T13:10:00+05:30,932.0,932.0,930.0,930.0,53720,0
2025-10-07T13:05:00+05:30,930.0,932.0,928.0,932.0,141070,0
2025-10-07T13:00:00+05:30,927.0,932.0,925.0,930.0,228180,0
2025-10-07T12:55:00+05:30,928.0,930.0,927.0,928.0,155590,0
2025-10-07T12:50:00+05:30,934.0,934.0,925.0,928.0,242190,0
2025-10-07T12:45:00+05:30,933.0,933.0,930.0,933.0,138760,0
2025-10-07T12:40:00+05:30,930.0,934.0,930.0,933.0,150550,0
2025-10-07T12:35:00+05:30,932.0,932.0,928.0,930.0,160660,0
2025-10-07T12:30:00+05:30,930.0,933.0,929.0,931.0,205110,0
2025-10-07T12:25:00+05:30,931.0,932.0,927.0,930.0,321980,0
2025-10-07T12:20:00+05:30,933.0,933.0,929.0,931.0,300640,0
2025-10-07T12:15:00+05:30,936.0,936.0,930.0,934.0,285250,0
2025-10-07T12:10:00+05:30,934.0,936.0,933.0,936.0,289750,0
2025-10-07T12:05:00+05:30,938.0,939.0,933.0,934.0,281430,0
2025-10-07T12:00:00+05:30,942.0,943.0,936.0,938.0,264800,0
2025-10-07T11:55:00+05:30,942.0,944.0,939.0,943.0,149800,0
2025-10-07T11:50:00+05:30,942.0,943.0,940.0,942.0,166400,0
2025-10-07T11:45:00+05:30,939.0,944.0,936.0,942.0,374170,0
2025-10-07T11:40:00+05:30,943.0,943.0,937.0,939.0,341350,0
2025-10-07T11:35:00+05:30,942.0,947.0,942.0,943.0,188660,0
2025-10-07T11:30:00+05:30,944.0,945.0,941.0,942.0,160010,0
2025-10-07T11:25:00+05:30,945.0,946.0,940.0,944.0,369080,0
2025-10-07T11:20:00+05:30,949.0,950.0,944.0,944.0,325490,0
2025-10-07T11:15:00+05:30,952.0,954.0,947.0,949.0,282810,0
2025-10-07T11:10:00+05:30,956.0,956.0,948.0,952.0,278160,0
2025-10-07T11:05:00+05:30,956.0,957.0,954.0,956.0,58640,0
2025-10-07T11:00:00+05:30,957.0,958.0,956.0,956.0,42500,0
2025-10-07T10:55:00+05:30,955.0,957.0,955.0,957.0,38320,0
2025-10-07T10:50:00+05:30,956.0,957.0,955.0,955.0,68000,0
2025-10-07T10:45:00+05:30,959.0,960.0,955.0,956.0,144320,0
2025-10-07T10:40:00+05:30,962.0,962.0,959.0,959.0,65100,0
2025-10-07T10:35:00+05:30,961.0,964.0,957.0,962.0,183210,0
2025-10-07T10:30:00+05:30,957.0,964.0,956.0,961.0,297870,0
2025-10-07T10:25:00+05:30,956.0,958.0,956.0,956.0,91240,0
2025-10-07T10:20:00+05:30,956.0,957.0,955.0,956.0,43460,0
2025-10-07T10:15:00+05:30,955.0,957.0,954.0,956.0,78900,0
2025-10-07T10:10:00+05:30,953.0,957.0,952.0,955.0,106750,0
2025-10-07T10:05:00+05:30,958.0,960.0,953.0,953.0,188300,0
2025-10-07T10:00:00+05:30,956.0,961.0,954.0,958.0,296170,0
2025-10-07T09:55:00+05:30,954.0,959.0,953.0,956.0,315220,0
2025-10-07T09:50:00+05:30,953.0,957.0,948.0,954.0,541570,0
2025-10-07T09:45:00+05:30,963.0,964.0,950.0,953.0,939330,0
2025-10-07T09:40:00+05:30,968.0,969.0,962.0,963.0,325290,0
2025-10-07T09:35:00+05:30,965.0,970.0,963.0,968.0,338990,0
2025-10-07T09:30:00+05:30,972.0,975.0,964.0,965.0,505470,0
2025-10-07T09:25:00+05:30,966.0,975.0,962.0,972.0,709670,0
2025-10-07T09:20:00+05:30,981.0,983.0,964.0,966.0,1023860,0
2025-10-07T09:15:00+05:30,1010.0,1015.0,977.0,981.0,1775770,0
2025-10-06T15:25:00+05:30,991.0,995.0,991.0,994.0,142540,0
2025-10-06T15:20:00+05:30,992.0,1000.0,986.0,992.0,721200,0
2025-10-06T15:15:00+05:30,994.0,1000.0,990.0,992.0,487050,0
2025-10-06T15:10:00+05:30,997.0,1000.0,994.0,994.0,321540,0
2025-10-06T15:05:00+05:30,996.0,1000.0,993.0,997.0,225400,0
2025-10-06T15:00:00+05:30,998.0,1000.0,992.0,996.0,248810,0
2025-10-06T14:55:00+05:30,994.0,1002.0,994.0,998.0,357520,0
2025-10-06T14:50:00+05:30,992.0,995.0,989.0,994.0,329760,0
2025-10-06T14:45:00+05:30,983.0,997.0,980.0,992.0,452450,0
2025-10-06T14:40:00+05:30,993.0,993.0,981.0,983.0,636280,0
2025-10-06T14:35:00+05:30,1000.0,1000.0,990.0,992.0,448240,0
2025-10-06T14:30:00+05:30,1004.0,1004.0,999.0,1000.0,76250,0
2025-10-06T14:25:00+05:30,1003.0,1005.0,1002.0,1004.0,28670,0
2025-10-06T14:20:00+05:30,1004.0,1004.0,1002.0,1004.0,41610,0
2025-10-06T14:15:00+05:30,1005.0,1008.0,1003.0,1004.0,87240,0
2025-10-06T14:10:00+05:30,1004.0,1006.0,1004.0,1005.0,32500,0
2025-10-06T14:05:00+05:30,1004.0,1004.0,1002.0,1004.0,27200,0
2025-10-06T14:00:00+05:30,1004.0,1006.0,1004.0,1004.0,43130,0
2025-10-06T13:55:00+05:30,1005.0,1007.0,1004.0,1005.0,51730,0
2025-10-06T13:50:00+05:30,1002.0,1010.0,1001.0,1005.0,201670,0
2025-10-06T13:45:00+05:30,1004.0,1005.0,1001.0,1002.0,38030,0
2025-10-06T13:40:00+05:30,1000.0,1005.0,1000.0,1004.0,70670,0
2025-10-06T13:35:00+05:30,1001.0,1001.0,998.0,1000.0,40970,0
2025-10-06T13:30:00+05:30,1000.0,1001.0,999.0,1000.0,24290,0
2025-10-06T13:25:00+05:30,1000.0,1001.0,998.0,1000.0,37540,0
2025-10-06T13:20:00+05:30,1000.0,1002.0,1000.0,1000.0,58360,0
2025-10-06T13:15:00+05:30,1002.0,1005.0,999.0,1000.0,68170,0
2025-10-06T13:10:00+05:30,1001.0,1003.0,1000.0,1002.0,43500,0
2025-10-06T13:05:00+05:30,998.0,1003.0,997.0,1000.0,68230,0
2025-10-06T13:00:00+05:30,1000.0,1001.0,997.0,997.0,137600,0
2025-10-06T12:55:00+05:30,1002.0,1003.0,996.0,1000.0,135000,0
2025-10-06T12:50:00+05:30,1005.0,1005.0,1000.0,1002.0,70120,0
2025-10-06T12:45:00+05:30,1005.0,1006.0,1003.0,1005.0,39080,0
2025-10-06T12:40:00+05:30,1003.0,1005.0,1003.0,1005.0,59430,0
2025-10-06T12:35:00+05:30,1005.0,1006.0,1003.0,1004.0,48310,0
2025-10-06T12:30:00+05:30,1004.0,1005.0,1002.0,1005.0,58820,0
2025-10-06T12:25:00+05:30,1006.0,1006.0,1002.0,1004.0,72890,0
2025-10-06T12:20:00+05:30,1008.0,1008.0,1005.0,1006.0,47580,0
2025-10-06T12:15:00+05:30,1008.0,1010.0,1007.0,1008.0,74450,0
2025-10-06T12:10:00+05:30,1006.0,1008.0,1004.0,1008.0,68630,0
2025-10-06T12:05:00+05:30,1008.0,1010.0,1006.0,1007.0,103070,0
2025-10-06T12:00:00+05:30,1006.0,1012.0,1004.0,1008.0,133170,0
2025-10-06T11:55:00+05:30,1003.0,1008.0,1002.0,1006.0,80190,0
2025-10-06T11:50:00+05:30,1004.0,1006.0,1001.0,1003.0,77480,0
2025-10-06T11:45:00+05:30,1001.0,1004.0,998.0,1003.0,135360,0
2025-10-06T11:40:00+05:30,1003.0,1004.0,1000.0,1001.0,80570,0
2025-10-06T11:35:00+05:30,1004.0,1004.0,1002.0,1003.0,59340,0
2025-10-06T11:30:00+05:30,1004.0,1005.0,998.0,1004.0,186540,0
2025-10-06T11:25:00+05:30,1006.0,1006.0,1003.0,1004.0,59950,0
2025-10-06T11:20:00+05:30,1006.0,1010.0,1005.0,1006.0,87190,0
2025-10-06T11:15:00+05:30,1006.0,1007.0,1002.0,1006.0,71280,0
2025-10-06T11:10:00+05:30,1004.0,1008.0,1004.0,1007.0,109540,0
2025-10-06T11:05:00+05:30,1002.0,1005.0,1002.0,1003.0,38870,0
2025-10-06T11:00:00+05:30,1006.0,1006.0,1001.0,1002.0,64730,0
2025-10-06T10:55:00+05:30,1003.0,1007.0,1001.0,1006.0,99710,0
2025-10-06T10:50:00+05:30,1004.0,1007.0,1002.0,1003.0,116550,0
2025-10-06T10:45:00+05:30,1003.0,1008.0,1002.0,1004.0,83890,0
2025-10-06T10:40:00+05:30,1010.0,1010.0,1002.0,1003.0,173900,0
2025-10-06T10:35:00+05:30,1007.0,1014.0,1006.0,1010.0,291010,0
2025-10-06T10:30:00+05:30,1004.0,1008.0,1000.0,1007.0,134210,0
2025-10-06T10:25:00+05:30,1005.0,1006.0,1001.0,1005.0,134310,0
2025-10-06T10:20:00+05:30,999.0,1005.0,995.0,1005.0,239410,0
2025-10-06T10:15:00+05:30,1004.0,1005.0,996.0,998.0,383000,0
2025-10-06T10:10:00+05:30,1009.0,1009.0,1002.0,1003.0,193480,0
2025-10-06T10:05:00+05:30,1010.0,1018.0,1007.0,1009.0,417930,0
2025-10-06T10:00:00+05:30,1008.0,1013.0,1002.0,1010.0,385390,0
2025-10-06T09:55:00+05:30,1011.0,1015.0,1006.0,1008.0,327870,0
2025-10-06T09:50:00+05:30,1018.0,1019.0,1006.0,1012.0,474370,0
2025-10-06T09:45:00+05:30,1007.0,1024.0,1006.0,1019.0,956810,0
2025-10-06T09:40:00+05:30,992.0,1015.0,992.0,1007.0,1051230,0
2025-10-06T09:35:00+05:30,986.0,996.0,978.0,992.0,735000,0
2025-10-06T09:30:00+05:30,994.0,995.0,982.0,986.0,883820,0
2025-10-06T09:25:00+05:30,996.0,1006.0,992.0,994.0,908530,0
2025-10-06T09:20:00+05:30,1034.0,1034.0,995.0,996.0,1716720,0
2025-10-06T09:15:00+05:30,1020.0,1072.0,1020.0,1034.0,2063670,0
2025-10-03T15:25:00+05:30,996.0,1000.0,994.0,1000.0,233590,0
2025-10-03T15:20:00+05:30,992.0,1008.0,980.0,996.0,1259280,0
2025-10-03T15:15:00+05:30,1002.0,1003.0,991.0,992.0,1096150,0
2025-10-03T15:10:00+05:30,1007.0,1008.0,998.0,1002.0,755800,0
2025-10-03T15:05:00+05:30,1012.0,1017.0,1000.0,1007.0,501730,0
2025-10-03T15:00:00+05:30,1021.0,1022.0,1008.0,1012.0,497510,0
2025-10-03T14:55:00+05:30,1019.0,1024.0,1017.0,1021.0,258980,0
2025-10-03T14:50:00+05:30,1023.0,1024.0,1014.0,1019.0,534270,0
2025-10-03T14:45:00+05:30,1032.0,1036.0,1020.0,1022.0,405820,0
2025-10-03T14:40:00+05:30,1033.0,1037.0,1032.0,1032.0,191370,0
2025-10-03T14:35:00+05:30,1030.0,1039.0,1029.0,1032.0,328540,0
2025-10-03T14:30:00+05:30,1033.0,1037.0,1027.0,1030.0,404340,0
2025-10-03T14:25:00+05:30,1029.0,1044.0,1025.0,1034.0,1090360,0
2025-10-03T14:20:00+05:30,1020.0,1034.0,1019.0,1029.0,463110,0
2025-10-03T14:15:00+05:30,1016.0,1020.0,1016.0,1019.0,133420,0
2025-10-03T14:10:00+05:30,1017.0,1020.0,1014.0,1016.0,210030,0
2025-10-03T14:05:00+05:30,1018.0,1019.0,1016.0,1016.0,124470,0
2025-10-03T14:00:00+05:30,1019.0,1022.0,1015.0,1017.0,190450,0
2025-10-03T13:55:00+05:30,1019.0,1020.0,1016.0,1019.0,160780,0
2025-10-03T13:50:00+05:30,1015.0,1022.0,1012.0,1019.0,252310,0
2025-10-03T13:45:00+05:30,1018.0,1019.0,1015.0,1015.0,109920,0
2025-10-03T13:40:00+05:30,1015.0,1020.0,1014.0,1018.0,136490,0
2025-10-03T13:35:00+05:30,1022.0,1025.0,1012.0,1015.0,485940,0
2025-10-03T13:30:00+05:30,1017.0,1022.0,1015.0,1022.0,163420,0
2025-10-03T13:25:00+05:30,1019.0,1020.0,1014.0,1018.0,151930,0
2025-10-03T13:20:00+05:30,1014.0,1019.0,1009.0,1019.0,323990,0
2025-10-03T13:15:00+05:30,1013.0,1020.0,1013.0,1014.0,169320,0
2025-10-03T13:10:00+05:30,1012.0,1019.0,1008.0,1014.0,233460,0
2025-10-03T13:05:00+05:30,1020.0,1020.0,1008.0,1012.0,510080,0
2025-10-03T13:00:00+05:30,1024.0,1025.0,1017.0,1020.0,214730,0
2025-10-03T12:55:00+05:30,1024.0,1027.0,1015.0,1024.0,284870,0
2025-10-03T12:50:00+05:30,1017.0,1025.0,1016.0,1024.0,325990,0
2025-10-03T12:45:00+05:30,1020.0,1021.0,1005.0,1017.0,425590,0
2025-10-03T12:40:00+05:30,1015.0,1025.0,1015.0,1020.0,274070,0
2025-10-03T12:35:00+05:30,1024.0,1026.0,1003.0,1015.0,651350,0
2025-10-03T12:30:00+05:30,1016.0,1035.0,1015.0,1024.0,891360,0
2025-10-03T12:25:00+05:30,1004.0,1038.0,997.0,1016.0,1693700,0
2025-10-03T12:20:00+05:30,1021.0,1022.0,991.0,1004.0,1814860,0
2025-10-03T12:15:00+05:30,1044.0,1046.0,1020.0,1021.0,1088440,0
2025-10-03T12:10:00+05:30,1042.0,1054.0,1040.0,1044.0,635230,0
2025-10-03T12:05:00+05:30,1064.0,1066.0,1035.0,1043.0,1336340,0
2025-10-03T12:00:00+05:30,1081.0,1081.0,1060.0,1064.0,847690,0
2025-10-03T11:55:00+05:30,1073.0,1086.0,1073.0,1080.0,547410,0
2025-10-03T11:50:00+05:30,1071.0,1080.0,1068.0,1073.0,408400,0
2025-10-03T11:45:00+05:30,1078.0,1078.0,1068.0,1071.0,407720,0
2025-10-03T11:40:00+05:30,1074.0,1090.0,1066.0,1077.0,761790,0
2025-10-03T11:35:00+05:30,1087.0,1092.0,1070.0,1074.0,877800,0
2025-10-03T11:30:00+05:30,1091.0,1096.0,1082.0,1087.0,627160,0
2025-10-03T11:25:00+05:30,1092.0,1112.0,1087.0,1091.0,692930,0
2025-10-03T11:20:00+05:30,1096.0,1110.0,1088.0,1092.0,944570,0
2025-10-03T11:15:00+05:30,1113.0,1131.0,1091.0,1096.0,1063630,0
2025-10-03T11:10:00+05:30,1109.0,1124.0,1109.0,1113.0,898250,0
2025-10-03T11:05:00+05:30,1138.0,1140.0,1095.0,1109.0,1681670,0
2025-10-03T11:00:00+05:30,1152.0,1154.0,1137.0,1138.0,769140,0
2025-10-03T10:55:00+05:30,1156.0,1158.0,1149.0,1152.0,437540,0
2025-10-03T10:50:00+05:30,1158.0,1161.0,1155.0,1156.0,247970,0
2025-10-03T10:45:00+05:30,1161.0,1166.0,1156.0,1158.0,375890,0
2025-10-03T10:40:00+05:30,1162.0,1162.0,1155.0,1161.0,299210,0
2025-10-03T10:35:00+05:30,1160.0,1174.0,1158.0,1162.0,666650,0
2025-10-03T10:30:00+05:30,1147.0,1164.0,1145.0,1160.0,672610,0
2025-10-03T10:25:00+05:30,1155.0,1156.0,1144.0,1146.0,831320,0
2025-10-03T10:20:00+05:30,1163.0,1167.0,1154.0,1155.0,705740,0
2025-10-03T10:15:00+05:30,1167.0,1171.0,1157.0,1164.0,612690,0
2025-10-03T10:10:00+05:30,1169.0,1180.0,1162.0,1166.0,899990,0
2025-10-03T10:05:00+05:30,1173.0,1175.0,1157.0,1169.0,877700,0
2025-10-03T10:00:00+05:30,1176.0,1182.0,1168.0,1173.0,734600,0
2025-10-03T09:55:00+05:30,1166.0,1185.0,1161.0,1176.0,1556820,0
2025-10-03T09:50:00+05:30,1175.0,1175.0,1149.0,1165.0,1853120,0
2025-10-03T09:45:00+05:30,1150.0,1178.0,1147.0,1174.0,2187770,0
2025-10-03T09:40:00+05:30,1125.0,1151.0,1116.0,1150.0,1892280,0
2025-10-03T09:35:00+05:30,1094.0,1131.0,1093.0,1124.0,1998310,0
2025-10-03T09:30:00+05:30,1080.0,1095.0,1078.0,1094.0,512160,0
2025-10-03T09:25:00+05:30,1090.0,1090.0,1077.0,1080.0,904390,0
2025-10-03T09:20:00+05:30,1053.0,1091.0,1053.0,1090.0,1350060,0
2025-10-03T09:15:00+05:30,1060.0,1062.0,1037.0,1053.0,882410,0
2025-10-01T15:25:00+05:30,1057.0,1067.0,1056.0,1062.0,248790,0
2025-10-01T15:20:00+05:30,1067.0,1074.0,1050.0,1057.0,788090,0
2025-10-01T15:15:00+05:30,1049.0,1070.0,1048.0,1066.0,1157820,0
2025-10-01T15:10:00+05:30,1045.0,1050.0,1044.0,1049.0,259410,0
2025-10-01T15:05:00+05:30,1049.0,1050.0,1043.0,1045.0,240410,0
2025-10-01T15:00:00+05:30,1048.0,1050.0,1047.0,1049.0,185770,0
2025-10-01T14:55:00+05:30,1050.0,1059.0,1042.0,1048.0,605800,0
2025-10-01T14:50:00+05:30,1033.0,1052.0,1032.0,1050.0,406350,0
2025-10-01T14:45:00+05:30,1036.0,1040.0,1032.0,1034.0,258870,0
2025-10-01T14:40:00+05:30,1036.0,1040.0,1033.0,1036.0,225650,0
2025-10-01T14:35:00+05:30,1037.0,1042.0,1035.0,1036.0,309950,0
2025-10-01T14:30:00+05:30,1037.0,1039.0,1031.0,1037.0,370340,0
2025-10-01T14:25:00+05:30,1037.0,1042.0,1034.0,1037.0,324670,0
2025-10-01T14:20:00+05:30,1043.0,1045.0,1033.0,1037.0,427320,0
2025-10-01T14:15:00+05:30,1052.0,1052.0,1036.0,1043.0,419870,0
2025-10-01T14:10:00+05:30,1054.0,1054.0,1047.0,1052.0,233580,0
2025-10-01T14:05:00+05:30,1056.0,1056.0,1052.0,1054.0,86900,0
2025-10-01T14:00:00+05:30,1057.0,1058.0,1056.0,1056.0,38360,0
2025-10-01T13:55:00+05:30,1054.0,1060.0,1054.0,1058.0,107020,0
2025-10-01T13:50:00+05:30,1056.0,1057.0,1054.0,1054.0,50560,0
2025-10-01T13:45:00+05:30,1052.0,1058.0,1052.0,1056.0,96450,0
2025-10-01T13:40:00+05:30,1052.0,1054.0,1051.0,1052.0,65190,0
2025-10-01T13:35:00+05:30,1054.0,1054.0,1051.0,1052.0,114520,0
2025-10-01T13:30:00+05:30,1056.0,1057.0,1054.0,1054.0,47030,0
2025-10-01T13:25:00+05:30,1056.0,1056.0,1052.0,1056.0,112190,0
2025-10-01T13:20:00+05:30,1059.0,1059.0,1055.0,1056.0,72850,0
2025-10-01T13:15:00+05:30,1058.0,1061.0,1057.0,1058.0,98870,0
2025-10-01T13:10:00+05:30,1059.0,1059.0,1056.0,1058.0,32040,0
2025-10-01T13:05:00+05:30,1057.0,1060.0,1056.0,1059.0,35810,0
2025-10-01T13:00:00+05:30,1056.0,1057.0,1056.0,1057.0,37800,0
2025-10-01T12:55:00+05:30,1058.0,1059.0,1056.0,1056.0,54570,0
2025-10-01T12:50:00+05:30,1056.0,1061.0,1055.0,1058.0,134760,0
2025-10-01T12:45:00+05:30,1058.0,1058.0,1055.0,1056.0,114660,0
2025-10-01T12:40:00+05:30,1059.0,1060.0,1058.0,1058.0,68300,0
2025-10-01T12:35:00+05:30,1063.0,1069.0,1058.0,1059.0,379230,0
2025-10-01T12:30:00+05:30,1058.0,1064.0,1055.0,1063.0,162180,0
2025-10-01T12:25:00+05:30,1059.0,1059.0,1055.0,1058.0,80280,0
2025-10-01T12:20:00+05:30,1059.0,1065.0,1057.0,1059.0,270980,0
2025-10-01T12:15:00+05:30,1052.0,1060.0,1051.0,1060.0,155520,0
2025-10-01T12:10:00+05:30,1054.0,1056.0,1051.0,1051.0,138770,0
2025-10-01T12:05:00+05:30,1058.0,1059.0,1054.0,1054.0,177390,0
2025-10-01T12:00:00+05:30,1054.0,1058.0,1052.0,1058.0,205610,0
2025-10-01T11:55:00+05:30,1049.0,1057.0,1048.0,1054.0,283010,0
2025-10-01T11:50:00+05:30,1046.0,1054.0,1046.0,1048.0,260490,0
2025-10-01T11:45:00+05:30,1046.0,1051.0,1046.0,1046.0,207210,0
2025-10-01T11:40:00+05:30,1049.0,1049.0,1044.0,1046.0,268970,0
2025-10-01T11:35:00+05:30,1053.0,1055.0,1043.0,1048.0,552420,0
2025-10-01T11:30:00+05:30,1057.0,1060.0,1052.0,1053.0,235250,0
2025-10-01T11:25:00+05:30,1057.0,1060.0,1056.0,1057.0,71820,0
2025-10-01T11:20:00+05:30,1059.0,1061.0,1054.0,1057.0,288140,0
2025-10-01T11:15:00+05:30,1062.0,1063.0,1058.0,1059.0,150250,0
2025-10-01T11:10:00+05:30,1060.0,1063.0,1058.0,1062.0,150970,0
2025-10-01T11:05:00+05:30,1062.0,1064.0,1057.0,1060.0,255720,0
2025-10-01T11:00:00+05:30,1061.0,1064.0,1059.0,1062.0,194520,0
2025-10-01T10:55:00+05:30,1065.0,1066.0,1058.0,1062.0,295070,0
2025-10-01T10:50:00+05:30,1068.0,1073.0,1063.0,1065.0,426220,0
2025-10-01T10:45:00+05:30,1061.0,1069.0,1058.0,1068.0,324040,0
2025-10-01T10:40:00+05:30,1058.0,1064.0,1056.0,1062.0,305790,0
2025-10-01T10:35:00+05:30,1057.0,1061.0,1055.0,1058.0,201310,0
2025-10-01T10:30:00+05:30,1058.0,1063.0,1057.0,1058.0,309900,0
2025-10-01T10:25:00+05:30,1064.0,1064.0,1047.0,1058.0,962050,0
2025-10-01T10:20:00+05:30,1072.0,1073.0,1060.0,1064.0,764190,0
2025-10-01T10:15:00+05:30,1072.0,1078.0,1071.0,1073.0,237660,0
2025-10-01T10:10:00+05:30,1081.0,1081.0,1070.0,1073.0,517060,0
2025-10-01T10:05:00+05:30,1074.0,1085.0,1073.0,1081.0,862330,0
2025-10-01T10:00:00+05:30,1071.0,1077.0,1069.0,1073.0,344040,0
2025-10-01T09:55:00+05:30,1072.0,1073.0,1068.0,1071.0,231830,0
2025-10-01T09:50:00+05:30,1070.0,1074.0,1065.0,1072.0,339300,0
2025-10-01T09:45:00+05:30,1080.0,1080.0,1068.0,1070.0,499890,0
2025-10-01T09:40:00+05:30,1069.0,1081.0,1068.0,1080.0,496700,0
2025-10-01T09:35:00+05:30,1071.0,1077.0,1068.0,1069.0,606640,0
2025-10-01T09:30:00+05:30,1072.0,1085.0,1070.0,1070.0,1300590,0
2025-10-01T09:25:00+05:30,1077.0,1079.0,1053.0,1072.0,1899960,0
2025-10-01T09:20:00+05:30,1082.0,1084.0,1071.0,1077.0,1114510,0
2025-10-01T09:15:00+05:30,1066.0,1095.0,1050.0,1082.0,4005720,0
